,index,article_id,label
0,0,2,Satire
1,1,3,Satire
2,2,4,Satire
3,3,5,Satire
4,4,6,Satire
5,5,7,Satire
6,6,8,Fake
7,7,9,Fake
8,8,10,Fake
9,9,13,Fake
10,10,14,Fake
11,11,15,Fake
12,12,16,Fake
13,13,17,Fake
14,14,18,Fake
15,15,19,Fake
16,16,20,Fake
17,17,21,Fake
18,18,22,Fake
19,19,23,Fake
20,20,24,Fake
21,21,25,Fake
22,22,26,Fake
23,23,27,Fake
24,24,28,Satire
25,25,29,Satire
26,26,30,Satire
27,27,33,Satire
28,28,34,Satire
29,29,35,Satire
30,30,36,Satire
31,31,37,Satire
32,32,38,Fake
33,33,40,Fake
34,34,41,Fake
35,35,42,Fake
36,36,43,Fake
37,37,44,Fake
38,38,45,Fake
39,39,46,Fake
40,40,47,Fake
41,41,48,Fake
42,42,49,Fake
43,43,50,Fake
44,44,51,Fake
45,45,52,Fake
46,46,53,Fake
47,47,54,Fake
48,48,55,Fake
49,49,56,Fake
50,50,57,Fake
51,51,58,Fake
52,52,59,Fake
53,53,60,Fake
54,54,61,Fake
55,55,63,Fake
56,56,64,Fake
57,57,65,Fake
58,58,66,Fake
59,59,67,Fake
60,60,68,Fake
61,61,69,Satire
62,62,70,Fake
63,63,71,Fake
64,64,72,Fake
65,65,73,Satire
66,66,74,Satire
67,67,75,Satire
68,68,76,Satire
69,69,77,Satire
70,70,78,Fake
71,71,79,Fake
72,72,82,Fake
73,73,83,Fake
74,74,86,Fake
75,75,87,Satire
76,76,88,Satire
77,77,89,Satire
78,78,90,Fake
79,79,91,Fake
80,80,92,Fake
81,81,93,Fake
82,82,94,Fake
83,83,95,Fake
84,84,96,Fake
85,85,97,Fake
86,86,98,Fake
87,87,99,Fake
88,88,100,Fake
89,89,101,Satire
90,90,102,Fake
91,91,103,Satire
92,92,104,Fake
93,93,105,Fake
94,94,106,Fake
95,95,107,Fake
96,96,108,Fake
97,97,109,Fake
98,98,110,Fake
99,99,113,Fake
100,100,114,Fake
101,101,115,Fake
102,102,116,Fake
103,103,117,Fake
104,104,118,Fake
105,105,119,Fake
106,106,120,Fake
107,107,121,Fake
108,108,122,Fake
109,109,123,Fake
110,110,124,Fake
111,111,125,Satire
112,112,126,Satire
113,113,127,Satire
114,114,128,Satire
115,115,129,Satire
116,116,131,Fake
117,117,132,Fake
118,118,134,Satire
119,119,135,Satire
120,120,136,Satire
121,121,137,Satire
122,122,138,Satire
123,123,139,Fake
124,124,140,Fake
125,125,141,Fake
126,126,142,Fake
127,127,143,Fake
128,128,144,Fake
129,129,145,Satire
130,130,146,Satire
131,131,148,Satire
132,132,150,Fake
133,133,151,Fake
134,134,152,Fake
135,135,153,Fake
136,136,154,Fake
137,137,155,Fake
138,138,156,Fake
139,139,157,Fake
140,140,158,Fake
141,141,159,Fake
142,142,160,Satire
143,143,161,Satire
144,144,162,Satire
145,145,163,Satire
146,146,164,Satire
147,147,165,Satire
148,148,166,Satire
149,149,167,Satire
150,150,168,Satire
151,151,169,Satire
152,152,170,Fake
153,153,171,Fake
154,154,172,Fake
155,155,173,Fake
156,156,174,Fake
157,157,175,Fake
158,158,176,Fake
159,159,177,Fake
160,160,178,Satire
161,161,179,Satire
162,162,180,Satire
163,163,181,Satire
164,164,182,Satire
165,165,183,Satire
166,166,184,Satire
167,167,186,Fake
168,168,190,Fake
169,169,192,Fake
170,170,193,Fake
171,171,194,Fake
172,172,195,Fake
173,173,202,Fake
174,174,203,Fake
175,175,204,Fake
176,176,205,Fake
177,177,206,Satire
178,178,207,Satire
179,179,209,Satire
180,180,211,Fake
181,181,212,Fake
182,182,215,Fake
183,183,216,Fake
184,184,217,Fake
185,185,218,Fake
186,186,219,Fake
187,187,220,Fake
188,188,221,Fake
189,189,222,Fake
190,190,223,Fake
191,191,224,Fake
192,192,225,Fake
193,193,227,Fake
194,194,228,Fake
195,195,229,Fake
196,196,230,Fake
197,197,231,Fake
198,198,233,Fake
199,199,235,Fake
200,200,238,Satire
201,201,240,Satire
202,202,241,Satire
203,203,247,Fake
204,204,248,Fake
205,205,249,Fake
206,206,250,Fake
207,207,251,Fake
208,208,255,Fake
209,209,256,Satire
210,210,257,Satire
211,211,258,Satire
212,212,259,Satire
213,213,261,Satire
214,214,262,Satire
215,215,263,Satire
216,216,265,Satire
217,217,266,Satire
218,218,267,Satire
219,219,268,Satire
220,220,269,Fake
221,221,270,Fake
222,222,271,Fake
223,223,272,Fake
224,224,274,Fake
225,225,275,Fake
226,226,276,Fake
227,227,277,Satire
228,228,278,Satire
229,229,279,Satire
230,230,280,Satire
231,231,281,Satire
232,232,282,Fake
233,233,283,Satire
234,234,284,Satire
235,235,285,Fake
236,236,286,Fake
237,237,287,Fake
238,238,288,Fake
239,239,289,Satire
240,240,290,Fake
241,241,292,Fake
242,242,293,Fake
243,243,294,Fake
244,244,295,Satire
245,245,296,Satire
246,246,297,Satire
247,247,298,Satire
248,248,299,Satire
249,249,300,Satire
250,250,301,Satire
251,251,302,Satire
252,252,303,Fake
253,253,304,Satire
254,254,305,Satire
255,255,306,Satire
256,256,307,Satire
257,257,308,Satire
258,258,309,Satire
259,259,310,Fake
260,260,311,Fake
261,261,313,Fake
262,262,314,Satire
263,263,315,Satire
264,264,316,Fake
265,265,318,Fake
266,266,319,Fake
267,267,320,Fake
268,268,321,Fake
269,269,322,Fake
270,270,323,Fake
271,271,324,Fake
272,272,325,Satire
273,273,327,Fake
274,274,328,Fake
275,275,329,Fake
276,276,330,Fake
277,277,332,Fake
278,278,333,Fake
279,279,334,Fake
280,280,335,Satire
281,281,336,Satire
282,282,337,Fake
283,283,338,Fake
284,284,339,Fake
285,285,340,Satire
286,286,341,Satire
287,287,342,Satire
288,288,343,Fake
289,289,344,Fake
290,290,345,Satire
291,291,346,Satire
292,292,347,Satire
293,293,348,Fake
294,294,349,Satire
295,295,350,Satire
296,296,351,Satire
297,297,352,Satire
298,298,353,Satire
299,299,354,Fake
300,300,355,Satire
301,301,356,Satire
302,302,357,Fake
303,303,358,Fake
304,304,359,Fake
305,305,360,Fake
306,306,362,Fake
307,307,363,Satire
308,308,364,Satire
309,309,365,Satire
310,310,366,Satire
311,311,367,Satire
312,312,368,Fake
313,313,369,Satire
314,314,370,Fake
315,315,372,Fake
316,316,373,Fake
317,317,374,Fake
318,318,375,Fake
319,319,376,Fake
320,320,377,Fake
321,321,378,Fake
322,322,379,Fake
323,323,380,Fake
324,324,381,Fake
325,325,382,Fake
326,326,383,Fake
327,327,384,Fake
328,328,385,Fake
329,329,386,Fake
330,330,387,Fake
331,331,389,Satire
332,332,391,Fake
333,333,392,Fake
334,334,393,Fake
335,335,394,Fake
336,336,395,Fake
337,337,396,Fake
338,338,397,Fake
339,339,398,Fake
340,340,399,Fake
341,341,402,Fake
342,342,403,Fake
343,343,404,Fake
344,344,405,Fake
345,345,406,Fake
346,346,407,Fake
347,347,408,Fake
348,348,410,Fake
349,349,411,Fake
350,350,412,Satire
351,351,413,Satire
352,352,414,Satire
353,353,415,Satire
354,354,416,Satire
355,355,417,Satire
356,356,419,Fake
357,357,420,Fake
358,358,421,Fake
359,359,422,Fake
360,360,424,Fake
361,361,425,Satire
362,362,426,Satire
363,363,427,Satire
364,364,428,Satire
365,365,429,Satire
366,366,430,Fake
367,367,431,Fake
368,368,432,Fake
369,369,433,Fake
370,370,434,Fake
371,371,435,Fake
372,372,436,Satire
373,373,437,Satire
374,374,438,Satire
375,375,439,Satire
376,376,440,Satire
377,377,441,Satire
378,378,442,Satire
379,379,443,Satire
380,380,444,Satire
381,381,445,Satire
382,382,446,Fake
383,383,449,Fake
384,384,450,Fake
385,385,451,Fake
386,386,452,Fake
387,387,453,Fake
388,388,454,Fake
389,389,455,Fake
390,390,456,Fake
391,391,457,Fake
392,392,458,Satire
393,393,459,Satire
394,394,460,Satire
395,395,461,Satire
396,396,462,Satire
397,397,463,Satire
398,398,464,Satire
399,399,465,Satire
400,400,466,Satire
401,401,467,Satire
402,402,468,Fake
403,403,469,Fake
404,404,470,Satire
405,405,471,Satire
406,406,472,Satire
407,407,473,Satire
408,408,474,Satire
409,409,477,Fake
410,410,478,Fake
411,411,483,Fake
412,412,485,Fake
413,413,486,Fake
414,414,488,Fake
415,415,489,Fake
416,416,490,Fake
417,417,491,Fake
418,418,492,Fake
419,419,493,Satire
420,420,494,Satire
421,421,495,Satire
422,422,496,Satire
423,423,497,Satire
424,424,498,Satire
425,425,499,Satire
426,426,500,Satire
427,427,501,Satire
428,428,502,Satire
429,429,504,Fake
430,430,506,Fake
431,431,513,Satire
432,432,514,Satire
433,433,516,Satire
434,434,517,Satire
435,435,518,Satire
436,436,519,Satire
437,437,520,Satire
438,438,521,Satire
439,439,522,Satire
440,440,528,Satire
441,441,529,Satire
442,442,530,Satire
443,443,531,Satire
444,444,532,Satire
445,445,533,Fake
446,446,535,Fake
447,447,536,Fake
448,448,538,Fake
449,449,539,Fake
450,450,540,Fake
451,451,541,Fake
452,452,542,Fake
453,453,543,Fake
454,454,544,Fake
455,455,545,Fake
456,456,546,Fake
457,457,547,Fake
458,458,548,Fake
459,459,549,Satire
460,460,550,Satire
461,461,551,Satire
462,462,552,Satire
463,463,553,Satire
464,464,554,Satire
465,465,555,Satire
466,466,556,Satire
467,467,557,Satire
468,468,558,Satire
469,469,559,Fake
470,470,560,Fake
471,471,561,Fake
472,472,562,Fake
473,473,563,Fake
474,474,564,Fake
475,475,565,Fake
476,476,566,Satire
477,477,567,Satire
478,478,568,Satire
479,479,569,Satire
480,480,570,Satire
481,481,575,Satire
482,482,581,Fake
483,483,582,Fake
484,484,583,Satire
485,485,584,Satire
486,486,586,Fake
487,487,587,Fake
488,488,592,Satire
489,489,593,Satire
490,490,594,Satire
491,491,595,Satire
